{
currentFrameRate: 109.964,
devices: [ ],
gestures: [ ],
hands: [
{
armBasis: [
[
0.87684,
-0.235205,
-0.41932
],
[
0.293675,
0.95257,
0.079788
],
[
0.380665,
-0.193105,
0.904325
]
],
armWidth: 54.2206,
confidence: 0.118279,
direction: [
-0.230733,
-0.798275,
-0.556345
],
elbow: [
116.535,
114.189,
256.447
],
grabStrength: 0.44712,
id: 210,
palmNormal: [
-0.189038,
-0.524102,
0.830411
],
palmPosition: [
11.5893,
121.872,
25.9742
],
palmVelocity: [
-98.3016,
-104.381,
-280.599
],
palmWidth: 77.4252,
pinchStrength: 0.327586,
r: [
[
0.251479,
0.958749,
-0.132506
],
[
-0.964468,
0.23678,
-0.117208
],
[
-0.080998,
0.157273,
0.984228
]
],
s: 0.747108,
sphereCenter: [
18.7748,
80.1031,
39.8212
],
sphereRadius: 47.2402,
stabilizedPalmPosition: [
16.2995,
122.957,
37.1973
],
t: [
81.8541,
-113.878,
-119.668
],
timeVisible: 8.3331,
type: "right",
wrist: [
29.0774,
158.554,
48.68
]
}
],
id: 905766,
interactionBox: {
center: [
0,
101.556,
0
],
size: [
119.454,
119.454,
75.025
]
},
pointables: [
{
bases: [
[
[
0.508136,
0.193581,
-0.83924
],
[
-0.59357,
0.784766,
-0.178374
],
[
0.624077,
0.588786,
0.513672
]
],
[
[
0.194658,
-0.0750623,
-0.977995
],
[
-0.927395,
0.310638,
-0.208428
],
[
0.319448,
0.94756,
-0.00914438
]
],
[
[
0.194658,
-0.0750623,
-0.977995
],
[
-0.95836,
0.197834,
-0.205933
],
[
0.208938,
0.977357,
-0.0334268
]
],
[
[
0.194658,
-0.0750623,
-0.977995
],
[
-0.929722,
0.303652,
-0.208355
],
[
0.31261,
0.949822,
-0.010679
]
]
],
btipPosition: [
-20.9979,
75.7419,
58.7751
],
carpPosition: [
4.85822,
163.261,
57.2042
],
dipPosition: [
-14.7725,
94.6573,
58.5624
],
direction: [
-0.208938,
-0.977357,
0.0334268
],
extended: false,
handId: 210,
id: 2100,
length: 44.3469,
mcpPosition: [
4.85822,
163.261,
57.2042
],
pipPosition: [
-8.7106,
123.013,
57.5926
],
stabilizedTipPosition: [
-18.5847,
80.6673,
58.0968
],
timeVisible: 8.3331,
tipPosition: [
-17.4811,
81.9909,
56.7953
],
tipVelocity: [
38.2551,
-27.4799,
60.2238
],
tool: false,
touchDistance: 0.333333,
touchZone: "none",
type: 0,
width: 17.2311
},
{
bases: [
[
[
0.902187,
-0.426593,
-0.0638604
],
[
0.129433,
0.40896,
-0.903327
],
[
0.411469,
0.806704,
0.424173
]
],
[
[
0.949759,
-0.312934,
-0.00558769
],
[
0.117704,
0.373663,
-0.920066
],
[
0.290007,
0.873183,
0.391723
]
],
[
[
0.949759,
-0.312934,
-0.00558769
],
[
-0.106446,
-0.306175,
-0.946005
],
[
0.294326,
0.899071,
-0.324103
]
],
[
[
0.949759,
-0.312934,
-0.00558769
],
[
-0.250072,
-0.747994,
-0.614792
],
[
0.18821,
0.585302,
-0.788669
]
]
],
btipPosition: [
-32.6972,
53.2531,
15.7851
],
carpPosition: [
12.4532,
162.676,
38.5276
],
dipPosition: [
-29.9609,
61.7625,
4.31901
],
direction: [
-0.294326,
-0.899071,
0.324103
],
extended: true,
handId: 210,
id: 2101,
length: 50.0405,
mcpPosition: [
-13.3055,
112.175,
11.9736
],
pipPosition: [
-23.9075,
80.2538,
-2.34684
],
stabilizedTipPosition: [
-31.0724,
63.5455,
7.94258
],
timeVisible: 8.3331,
tipPosition: [
-30.2176,
58.1258,
13.8285
],
tipVelocity: [
-38.5311,
-298.83,
188.009
],
tool: false,
touchDistance: 0.333333,
touchZone: "none",
type: 1,
width: 16.4592
},
{
bases: [
[
[
0.858769,
-0.219969,
0.46274
],
[
0.512327,
0.37927,
-0.770503
],
[
-0.00601637,
0.898759,
0.438401
]
],
[
[
0.853205,
-0.122625,
0.506957
],
[
0.462716,
-0.270592,
-0.8442
],
[
0.240698,
0.954852,
-0.17413
]
],
[
[
0.853205,
-0.122625,
0.506957
],
[
0.218052,
-0.799095,
-0.560268
],
[
0.473809,
0.588566,
-0.655053
]
],
[
[
0.853205,
-0.122625,
0.506957
],
[
0.00944749,
-0.968177,
-0.250086
],
[
0.521491,
0.218164,
-0.824895
]
]
],
btipPosition: [
17.7465,
63.3726,
50.2137
],
carpPosition: [
40.2261,
149.443,
43.6047
],
dipPosition: [
25.3953,
66.5725,
38.1149
],
direction: [
-0.473809,
-0.588566,
0.655053
],
extended: false,
handId: 210,
id: 2104,
length: 42.9806,
mcpPosition: [
40.523,
105.097,
21.9737
],
pipPosition: [
33.2809,
76.368,
27.2129
],
stabilizedTipPosition: [
20.0415,
63.8899,
42.7671
],
timeVisible: 8.3331,
tipPosition: [
19.6571,
66.1025,
45.6189
],
tipVelocity: [
16.5674,
9.44139,
76.6689
],
tool: false,
touchDistance: 0.333333,
touchZone: "none",
type: 4,
width: 13.6636
},
{
bases: [
[
[
0.91411,
-0.377107,
0.148971
],
[
0.289097,
0.348563,
-0.891586
],
[
0.284298,
0.858076,
0.427646
]
],
[
[
0.945822,
-0.247793,
0.209809
],
[
0.299619,
0.417129,
-0.85804
],
[
0.125099,
0.874415,
0.468773
]
],
[
[
0.945822,
-0.247793,
0.209809
],
[
0.147596,
-0.247436,
-0.957597
],
[
0.2892,
0.936683,
-0.197457
]
],
[
[
0.945822,
-0.247793,
0.209809
],
[
-0.0339912,
-0.718206,
-0.695
],
[
0.322902,
0.650214,
-0.687718
]
]
],
btipPosition: [
-12.3845,
38.5753,
7.50481
],
carpPosition: [
21.7855,
158.443,
36.3446
],
dipPosition: [
-7.22112,
48.9725,
-3.49214
],
direction: [
-0.2892,
-0.936683,
0.197457
],
extended: true,
handId: 210,
id: 2102,
length: 57.0171,
mcpPosition: [
4.90758,
107.501,
10.9566
],
pipPosition: [
-0.223319,
71.6376,
-8.27002
],
stabilizedTipPosition: [
-10.4023,
47.6437,
0.546004
],
timeVisible: 8.3331,
tipPosition: [
-10.1411,
44.7657,
5.34856
],
tipVelocity: [
-39.1833,
-323.628,
215.962
],
tool: false,
touchDistance: 0.333333,
touchZone: "none",
type: 2,
width: 16.1651
},
{
bases: [
[
[
0.921572,
-0.27192,
0.277064
],
[
0.362583,
0.347906,
-0.864578
],
[
0.138704,
0.89723,
0.419214
]
],
[
[
0.92913,
-0.207081,
0.306325
],
[
0.364473,
0.373417,
-0.853065
],
[
0.0622662,
0.904255,
0.422428
]
],
[
[
0.92913,
-0.207081,
0.306325
],
[
0.239374,
-0.294541,
-0.925173
],
[
0.281811,
0.932932,
-0.224098
]
],
[
[
0.92913,
-0.207081,
0.306325
],
[
0.052001,
-0.747042,
-0.66274
],
[
0.366078,
0.6317,
-0.683331
]
]
],
btipPosition: [
9.09392,
39.9511,
14.6541
],
carpPosition: [
31.3174,
154.188,
36.9127
],
dipPosition: [
14.9141,
49.9943,
3.79015
],
direction: [
-0.281811,
-0.932932,
0.224098
],
extended: true,
handId: 210,
id: 2103,
length: 54.8235,
mcpPosition: [
23.9242,
106.364,
14.5679
],
pipPosition: [
21.557,
71.9856,
-1.49232
],
stabilizedTipPosition: [
11.6782,
49.2698,
7.2678
],
timeVisible: 8.3331,
tipPosition: [
10.5978,
45.9203,
12.2225
],
tipVelocity: [
-27.9133,
-234.919,
168.494
],
tool: false,
touchDistance: 0.333333,
touchZone: "none",
type: 3,
width: 15.3821
}
],
r: [
[
0.251479,
0.958749,
-0.132506
],
[
-0.964468,
0.23678,
-0.117208
],
[
-0.080998,
0.157273,
0.984228
]
],
s: 0.747108,
t: [
81.8541,
-113.878,
-119.668
],
timestamp: 14654727421
}
